suited 23, 0.332233333333, 0.610616666667, 0.05715
suited 24, 0.3337, 0.6075, 0.0588
suited 25, 0.349983333333, 0.593016666667, 0.057
suited 26, 0.3478, 0.596166666667, 0.0560333333333
suited 27, 0.35205, 0.595116666667, 0.0528333333333
suited 28, 0.37605, 0.571966666667, 0.0519833333333
suited 29, 0.39565, 0.555333333333, 0.0490166666667
suited 2T, 0.423933333333, 0.529633333333, 0.0464333333333
suited 2J, 0.451333333333, 0.505, 0.0436666666667
suited 2Q, 0.477483333333, 0.47875, 0.0437666666667
suited 2K, 0.514, 0.446133333333, 0.0398666666667
suited 2A, 0.55715, 0.406483333333, 0.0363666666667
suited 34, 0.355583333333, 0.586266666667, 0.05815
suited 35, 0.365966666667, 0.575833333333, 0.0582
suited 36, 0.368333333333, 0.575616666667, 0.05605
suited 37, 0.37415, 0.570866666667, 0.0549833333333
suited 38, 0.381333333333, 0.5679, 0.0507666666667
suited 39, 0.409466666667, 0.542333333333, 0.0482
suited 3T, 0.43325, 0.519866666667, 0.0468833333333
suited 3J, 0.461766666667, 0.494983333333, 0.04325
suited 3Q, 0.4917, 0.4666, 0.0417
suited 3K, 0.51835, 0.441783333333, 0.0398666666667
suited 3A, 0.5621, 0.3984, 0.0395
suited 45, 0.384716666667, 0.556133333333, 0.05915
suited 46, 0.381483333333, 0.56, 0.0585166666667
suited 47, 0.392983333333, 0.5526, 0.0544166666667
suited 48, 0.402633333333, 0.544733333333, 0.0526333333333
suited 49, 0.41455, 0.53675, 0.0487
suited 4T, 0.442583333333, 0.511066666667, 0.04635
suited 4J, 0.469583333333, 0.4892, 0.0412166666667
suited 4Q, 0.4974, 0.45975, 0.04285
suited 4K, 0.527383333333, 0.43285, 0.0397666666667
suited 4A, 0.573016666667, 0.388366666667, 0.0386166666667
suited 56, 0.4043, 0.539566666667, 0.0561333333333
suited 57, 0.40895, 0.537233333333, 0.0538166666667
suited 58, 0.418766666667, 0.530116666667, 0.0511166666667
suited 59, 0.43385, 0.519366666667, 0.0467833333333
suited 5T, 0.448816666667, 0.5046, 0.0465833333333
suited 5J, 0.4784, 0.478216666667, 0.0433833333333
suited 5Q, 0.5022, 0.457233333333, 0.0405666666667
suited 5K, 0.538883333333, 0.420983333333, 0.0401333333333
suited 5A, 0.582, 0.381366666667, 0.0366333333333
suited 67, 0.427116666667, 0.5215, 0.0513833333333
suited 68, 0.43805, 0.514666666667, 0.0472833333333
suited 69, 0.45035, 0.503183333333, 0.0464666666667
suited 6T, 0.4687, 0.490583333333, 0.0407166666667
suited 6J, 0.485433333333, 0.472933333333, 0.0416333333333
suited 6Q, 0.51845, 0.4427, 0.03885
suited 6K, 0.5498, 0.41355, 0.03665
suited 6A, 0.580166666667, 0.3847, 0.0351333333333
suited 78, 0.457916666667, 0.49515, 0.0469333333333
suited 79, 0.46965, 0.487366666667, 0.0429833333333
suited 7T, 0.484783333333, 0.474083333333, 0.0411333333333
suited 7J, 0.5028, 0.459983333333, 0.0372166666667
suited 7Q, 0.523733333333, 0.440483333333, 0.0357833333333
suited 7K, 0.562566666667, 0.404966666667, 0.0324666666667
suited 7A, 0.5918, 0.375733333333, 0.0324666666667
suited 89, 0.4892, 0.471733333333, 0.0390666666667
suited 8T, 0.503083333333, 0.460216666667, 0.0367
suited 8J, 0.5249, 0.441666666667, 0.0334333333333
suited 8Q, 0.544583333333, 0.4231, 0.0323166666667
suited 8K, 0.566233333333, 0.403466666667, 0.0303
suited 8A, 0.604783333333, 0.3667, 0.0285166666667
suited 9T, 0.522083333333, 0.4448, 0.0331166666667
suited 9J, 0.5428, 0.426316666667, 0.0308833333333
suited 9Q, 0.560933333333, 0.40955, 0.0295166666667
suited 9K, 0.586183333333, 0.3875, 0.0263166666667
suited 9A, 0.612316666667, 0.362083333333, 0.0256
suited TJ, 0.561333333333, 0.4111, 0.0275666666667
suited TQ, 0.582766666667, 0.39175, 0.0254833333333
suited TK, 0.603933333333, 0.3721, 0.0239666666667
suited TA, 0.638133333333, 0.339833333333, 0.0220333333333
suited JQ, 0.590116666667, 0.386566666667, 0.0233166666667
suited JK, 0.6135, 0.365, 0.0215
suited JA, 0.6439, 0.33635, 0.01975
suited QK, 0.626816666667, 0.35335, 0.0198333333333
suited QA, 0.656233333333, 0.32675, 0.0170166666667
suited KA, 0.661966666667, 0.3215, 0.0165333333333
unsuited 23, 0.2928, 0.645766666667, 0.0614333333333
unsuited 24, 0.301433333333, 0.63715, 0.0614166666667
unsuited 25, 0.309716666667, 0.62765, 0.0626333333333
unsuited 26, 0.311266666667, 0.629233333333, 0.0595
unsuited 27, 0.314483333333, 0.628416666667, 0.0571
unsuited 28, 0.344316666667, 0.601616666667, 0.0540666666667
unsuited 29, 0.3624, 0.585883333333, 0.0517166666667
unsuited 2T, 0.392966666667, 0.558666666667, 0.0483666666667
unsuited 2J, 0.424383333333, 0.531633333333, 0.0439833333333
unsuited 2Q, 0.451633333333, 0.505366666667, 0.043
unsuited 2K, 0.48425, 0.474666666667, 0.0410833333333
unsuited 2A, 0.530366666667, 0.42975, 0.0398833333333
unsuited 34, 0.322833333333, 0.6146, 0.0625666666667
unsuited 35, 0.33, 0.6085, 0.0615
unsuited 36, 0.331466666667, 0.606916666667, 0.0616166666667
unsuited 37, 0.335183333333, 0.606016666667, 0.0588
unsuited 38, 0.346733333333, 0.597533333333, 0.0557333333333
unsuited 39, 0.375716666667, 0.572116666667, 0.0521666666667
unsuited 3T, 0.3994, 0.551466666667, 0.0491333333333
unsuited 3J, 0.430766666667, 0.523866666667, 0.0453666666667
unsuited 3Q, 0.462533333333, 0.49405, 0.0434166666667
unsuited 3K, 0.4959, 0.4637, 0.0404
unsuited 3A, 0.5391, 0.42155, 0.03935
unsuited 45, 0.348433333333, 0.588616666667, 0.06295
unsuited 46, 0.351783333333, 0.588416666667, 0.0598
unsuited 47, 0.356766666667, 0.5863, 0.0569333333333
unsuited 48, 0.363766666667, 0.581583333333, 0.05465
unsuited 49, 0.3807, 0.566083333333, 0.0532166666667
unsuited 4T, 0.41165, 0.540083333333, 0.0482666666667
unsuited 4J, 0.44035, 0.512433333333, 0.0472166666667
unsuited 4Q, 0.467666666667, 0.488233333333, 0.0441
unsuited 4K, 0.502383333333, 0.453716666667, 0.0439
unsuited 4A, 0.54635, 0.4129, 0.04075
unsuited 56, 0.370366666667, 0.571766666667, 0.0578666666667
unsuited 57, 0.371033333333, 0.57295, 0.0560166666667
unsuited 58, 0.386716666667, 0.5599, 0.0533833333333
unsuited 59, 0.402633333333, 0.547933333333, 0.0494333333333
unsuited 5T, 0.421, 0.5314, 0.0476
unsuited 5J, 0.45085, 0.504383333333, 0.0447666666667
unsuited 5Q, 0.47805, 0.477483333333, 0.0444666666667
unsuited 5K, 0.515983333333, 0.442566666667, 0.04145
unsuited 5A, 0.556333333333, 0.404316666667, 0.03935
unsuited 67, 0.398066666667, 0.549366666667, 0.0525666666667
unsuited 68, 0.40865, 0.5403, 0.05105
unsuited 69, 0.421133333333, 0.531583333333, 0.0472833333333
unsuited 6T, 0.439816666667, 0.515033333333, 0.04515
unsuited 6J, 0.460166666667, 0.497, 0.0428333333333
unsuited 6Q, 0.49, 0.470533333333, 0.0394666666667
unsuited 6K, 0.525283333333, 0.436533333333, 0.0381833333333
unsuited 6A, 0.55835, 0.40545, 0.0362
unsuited 78, 0.427083333333, 0.5247, 0.0482166666667
unsuited 79, 0.440333333333, 0.514283333333, 0.0453833333333
unsuited 7T, 0.45805, 0.501083333333, 0.0408666666667
unsuited 7J, 0.476066666667, 0.485383333333, 0.03855
unsuited 7Q, 0.501216666667, 0.461983333333, 0.0368
unsuited 7K, 0.531833333333, 0.433666666667, 0.0345
unsuited 7A, 0.572683333333, 0.394766666667, 0.03255
unsuited 89, 0.459283333333, 0.501716666667, 0.039
unsuited 8T, 0.480466666667, 0.481283333333, 0.03825
unsuited 8J, 0.502133333333, 0.4628, 0.0350666666667
unsuited 8Q, 0.52, 0.445983333333, 0.0340166666667
unsuited 8K, 0.545133333333, 0.4225, 0.0323666666667
unsuited 8A, 0.585883333333, 0.385416666667, 0.0287
unsuited 9T, 0.495966666667, 0.469666666667, 0.0343666666667
unsuited 9J, 0.519733333333, 0.447283333333, 0.0329833333333
unsuited 9Q, 0.5402, 0.429983333333, 0.0298166666667
unsuited 9K, 0.56295, 0.410516666667, 0.0265333333333
unsuited 9A, 0.59695, 0.376666666667, 0.0263833333333
unsuited TJ, 0.53835, 0.43395, 0.0277
unsuited TQ, 0.557583333333, 0.4146, 0.0278166666667
unsuited TK, 0.582883333333, 0.392666666667, 0.02445
unsuited TA, 0.614966666667, 0.3626, 0.0224333333333
unsuited JQ, 0.570283333333, 0.40465, 0.0250666666667
unsuited JK, 0.595583333333, 0.3816, 0.0228166666667
unsuited JA, 0.623433333333, 0.356016666667, 0.02055
unsuited QK, 0.604116666667, 0.376133333333, 0.01975
unsuited QA, 0.637383333333, 0.34465, 0.0179666666667
unsuited KA, 0.642133333333, 0.3401, 0.0177666666667
22, 0.490333333333, 0.490583333333, 0.0190833333333
33, 0.527683333333, 0.455816666667, 0.0165
44, 0.56095, 0.423833333333, 0.0152166666667
55, 0.598816666667, 0.387816666667, 0.0133666666667
66, 0.625716666667, 0.362766666667, 0.0115166666667
77, 0.656416666667, 0.333833333333, 0.00975
88, 0.687466666667, 0.303466666667, 0.00906666666667
99, 0.716566666667, 0.275566666667, 0.00786666666667
TT, 0.746983333333, 0.245766666667, 0.00725
JJ, 0.768716666667, 0.22475, 0.00653333333333
QQ, 0.79715, 0.196683333333, 0.00616666666667
KK, 0.820533333333, 0.1737, 0.00576666666667
AA, 0.851683333333, 0.1429, 0.00541666666667
