suited 23, 0.2977, 0.6455, 0.0568
suited 24, 0.2971, 0.651, 0.0519
suited 25, 0.3165, 0.6256, 0.0579
suited 26, 0.3076, 0.6351, 0.0573
suited 27, 0.3108, 0.6334, 0.0558
suited 28, 0.3289, 0.617, 0.0541
suited 29, 0.3451, 0.6009, 0.054
suited 2T, 0.3647, 0.5851, 0.0502
suited 2J, 0.3932, 0.5596, 0.0472
suited 2Q, 0.407, 0.551, 0.042
suited 2K, 0.4372, 0.5236, 0.0392
suited 2A, 0.4772, 0.4843, 0.0385
suited 34, 0.3159, 0.6297, 0.0544
suited 35, 0.3279, 0.6115, 0.0606
suited 36, 0.322, 0.6194, 0.0586
suited 37, 0.3292, 0.6175, 0.0533
suited 38, 0.3412, 0.6004, 0.0584
suited 39, 0.3588, 0.5892, 0.052
suited 3T, 0.3793, 0.5737, 0.047
suited 3J, 0.4063, 0.5462, 0.0475
suited 3Q, 0.4282, 0.5261, 0.0457
suited 3K, 0.4451, 0.5123, 0.0426
suited 3A, 0.4906, 0.4705, 0.0389
suited 45, 0.3499, 0.5951, 0.055
suited 46, 0.3404, 0.6053, 0.0543
suited 47, 0.3523, 0.5887, 0.059
suited 48, 0.3655, 0.5842, 0.0503
suited 49, 0.367, 0.5794, 0.0536
suited 4T, 0.3931, 0.5565, 0.0504
suited 4J, 0.413, 0.5415, 0.0455
suited 4Q, 0.4374, 0.5209, 0.0417
suited 4K, 0.4718, 0.4843, 0.0439
suited 4A, 0.4881, 0.4721, 0.0398
suited 56, 0.3684, 0.5737, 0.0579
suited 57, 0.3695, 0.5757, 0.0548
suited 58, 0.3762, 0.5718, 0.052
suited 59, 0.3955, 0.5554, 0.0491
suited 5T, 0.4096, 0.5374, 0.053
suited 5J, 0.4222, 0.5326, 0.0452
suited 5Q, 0.4381, 0.5152, 0.0467
suited 5K, 0.4694, 0.4881, 0.0425
suited 5A, 0.5062, 0.4526, 0.0412
suited 67, 0.3949, 0.5525, 0.0526
suited 68, 0.3906, 0.5517, 0.0577
suited 69, 0.4035, 0.55, 0.0465
suited 6T, 0.419, 0.5361, 0.0449
suited 6J, 0.4503, 0.5044, 0.0453
suited 6Q, 0.4584, 0.4985, 0.0431
suited 6K, 0.4918, 0.4667, 0.0415
suited 6A, 0.5175, 0.4445, 0.038
suited 78, 0.4191, 0.5343, 0.0466
suited 79, 0.4381, 0.516, 0.0459
suited 7T, 0.4329, 0.5223, 0.0448
suited 7J, 0.4563, 0.4999, 0.0438
suited 7Q, 0.4679, 0.4904, 0.0417
suited 7K, 0.4932, 0.4663, 0.0405
suited 7A, 0.5304, 0.4339, 0.0357
suited 89, 0.4429, 0.5145, 0.0426
suited 8T, 0.468, 0.4931, 0.0389
suited 8J, 0.4785, 0.4798, 0.0417
suited 8Q, 0.4893, 0.4721, 0.0386
suited 8K, 0.5047, 0.4631, 0.0322
suited 8A, 0.5373, 0.4264, 0.0363
suited 9T, 0.473, 0.4859, 0.0411
suited 9J, 0.4897, 0.473, 0.0373
suited 9Q, 0.5062, 0.456, 0.0378
suited 9K, 0.5207, 0.445, 0.0343
suited 9A, 0.5506, 0.4204, 0.029
suited TJ, 0.5218, 0.446, 0.0322
suited TQ, 0.5314, 0.4374, 0.0312
suited TK, 0.5488, 0.418, 0.0332
suited TA, 0.5667, 0.402, 0.0313
suited JQ, 0.5376, 0.4315, 0.0309
suited JK, 0.5592, 0.4086, 0.0322
suited JA, 0.5684, 0.4046, 0.027
suited QK, 0.5569, 0.4122, 0.0309
suited QA, 0.5786, 0.396, 0.0254
suited KA, 0.5907, 0.3833, 0.026
unsuited 23, 0.2481, 0.6898, 0.0621
unsuited 24, 0.2604, 0.6785, 0.0611
unsuited 25, 0.2708, 0.6724, 0.0568
unsuited 26, 0.2636, 0.6783, 0.0581
unsuited 27, 0.2676, 0.672, 0.0604
unsuited 28, 0.2874, 0.6582, 0.0544
unsuited 29, 0.3096, 0.6387, 0.0517
unsuited 2T, 0.3357, 0.6131, 0.0512
unsuited 2J, 0.357, 0.5929, 0.0501
unsuited 2Q, 0.3826, 0.567, 0.0504
unsuited 2K, 0.4011, 0.5554, 0.0435
unsuited 2A, 0.4341, 0.5248, 0.0411
unsuited 34, 0.2833, 0.6584, 0.0583
unsuited 35, 0.291, 0.6497, 0.0593
unsuited 36, 0.283, 0.6575, 0.0595
unsuited 37, 0.2939, 0.6474, 0.0587
unsuited 38, 0.3119, 0.6338, 0.0543
unsuited 39, 0.3213, 0.6264, 0.0523
unsuited 3T, 0.3495, 0.6005, 0.05
unsuited 3J, 0.3761, 0.5747, 0.0492
unsuited 3Q, 0.3962, 0.5557, 0.0481
unsuited 3K, 0.4067, 0.55, 0.0433
unsuited 3A, 0.4541, 0.5022, 0.0437
unsuited 45, 0.3211, 0.6216, 0.0573
unsuited 46, 0.3156, 0.6253, 0.0591
unsuited 47, 0.3127, 0.6269, 0.0604
unsuited 48, 0.3243, 0.6215, 0.0542
unsuited 49, 0.3329, 0.6116, 0.0555
unsuited 4T, 0.3514, 0.5979, 0.0507
unsuited 4J, 0.3839, 0.5631, 0.053
unsuited 4Q, 0.3997, 0.5524, 0.0479
unsuited 4K, 0.4328, 0.5219, 0.0453
unsuited 4A, 0.4655, 0.4923, 0.0422
unsuited 56, 0.3396, 0.6023, 0.0581
unsuited 57, 0.3512, 0.5865, 0.0623
unsuited 58, 0.3464, 0.5967, 0.0569
unsuited 59, 0.3626, 0.5821, 0.0553
unsuited 5T, 0.3648, 0.5823, 0.0529
unsuited 5J, 0.3902, 0.5578, 0.052
unsuited 5Q, 0.4103, 0.5435, 0.0462
unsuited 5K, 0.4525, 0.5044, 0.0431
unsuited 5A, 0.4867, 0.4717, 0.0416
unsuited 67, 0.3552, 0.5893, 0.0555
unsuited 68, 0.3636, 0.583, 0.0534
unsuited 69, 0.3706, 0.5747, 0.0547
unsuited 6T, 0.4013, 0.5522, 0.0465
unsuited 6J, 0.4097, 0.5439, 0.0464
unsuited 6Q, 0.4308, 0.5236, 0.0456
unsuited 6K, 0.4633, 0.495, 0.0417
unsuited 6A, 0.483, 0.4792, 0.0378
unsuited 78, 0.3905, 0.5557, 0.0538
unsuited 79, 0.3998, 0.5558, 0.0444
unsuited 7T, 0.4287, 0.5213, 0.05
unsuited 7J, 0.4231, 0.5336, 0.0433
unsuited 7Q, 0.4476, 0.5105, 0.0419
unsuited 7K, 0.4642, 0.4957, 0.0401
unsuited 7A, 0.4877, 0.4726, 0.0397
unsuited 89, 0.4153, 0.5377, 0.047
unsuited 8T, 0.4324, 0.5249, 0.0427
unsuited 8J, 0.4493, 0.5088, 0.0419
unsuited 8Q, 0.4718, 0.4867, 0.0415
unsuited 8K, 0.4743, 0.4877, 0.038
unsuited 8A, 0.5046, 0.4627, 0.0327
unsuited 9T, 0.4554, 0.5026, 0.042
unsuited 9J, 0.4775, 0.4831, 0.0394
unsuited 9Q, 0.4823, 0.4794, 0.0383
unsuited 9K, 0.4971, 0.4681, 0.0348
unsuited 9A, 0.5212, 0.4435, 0.0353
unsuited TJ, 0.4806, 0.4816, 0.0378
unsuited TQ, 0.5082, 0.4596, 0.0322
unsuited TK, 0.5238, 0.4447, 0.0315
unsuited TA, 0.5459, 0.423, 0.0311
unsuited JQ, 0.5172, 0.4486, 0.0342
unsuited JK, 0.5251, 0.443, 0.0319
unsuited JA, 0.5522, 0.4199, 0.0279
unsuited QK, 0.5333, 0.4379, 0.0288
unsuited QA, 0.5638, 0.4098, 0.0264
unsuited KA, 0.5752, 0.399, 0.0258
22, 0.4284, 0.5462, 0.0254
33, 0.4555, 0.5227, 0.0218
44, 0.4964, 0.4827, 0.0209
55, 0.526, 0.4582, 0.0158
66, 0.5614, 0.4274, 0.0112
77, 0.5873, 0.4001, 0.0126
88, 0.6302, 0.3584, 0.0114
99, 0.6536, 0.3384, 0.008
TT, 0.6793, 0.3128, 0.0079
JJ, 0.7044, 0.2867, 0.0089
QQ, 0.7304, 0.2634, 0.0062
KK, 0.7634, 0.2311, 0.0055
AA, 0.7927, 0.2019, 0.0054
